5 3 5
4.3358 3.34764 4.96893
3.52455 3.80237 4.87072
2.53363 4.38506 4.69624
1.32331 5.12145 4.4338
-0.154984 6.04319 4.06861
-1.96059 7.18921 3.58218
-4.16598 8.60724 2.9515
-6.85967 10.3558 2.14812
-10.1498 12.5064 1.13694
-14.1683 15.1468 -0.125206
-19.0767 18.384 -1.6913
-25.0718 22.349 -3.62631
-32.3942 27.202 -6.00981
-41.338 33.1386 -8.93919
-52.262 40.3978 -12.5336
-65.6047 49.2717 -16.9387
-81.9016 60.1171 -22.3326
-101.807 73.3699 -28.9329
-126.119 89.5625 -37.0056
-155.815 109.345 -46.8757
-192.086 133.513 -58.9401
-236.387 163.035 -73.6839
-290.497 199.098 -91.6995
-356.587 243.149 -113.711
-437.311 296.956 -140.601
-535.908 362.68 -173.451
-656.336 442.958 -213.58
-803.428 541.013 -262.598
-983.087 660.78 -322.472
-1202.53 807.067 -395.608
