705
740
252
708
601
825
569
391
760
861
267
902
411
513
232
954
305
641
551
345
5
363
122
245
589
833
498
37
2
181
147
355
559
269
528
766
692
615
935
824
277
678
64
3
935
565
834
687
283
235
847
303
823
8
681
517
736
880
637
715
228
62
527
428
432
50
950
353
61
70
369
240
832
285
26
627
146
789
226
517
885
598
685
466
601
203
135
615
173
897
183
279
834
598
724
912
620
84
870
374
258
870
950
286
441
434
159
173
340
24
6
530
735
818
921
154
339
372
565
795
556
805
802
859
250
526
650
425
309
315
416
795
732
256
454
826
704
750
554
571
780
671
241
800
40
158
724
287
7
33
674
993
429
163
238
253
109
606
450
725
265
326
565
954
739
188
121
940
572
729
304
420
468
849
152
614
897
522
108
81
843
661
166
665
223
940
9
791
11
157
428
862
682
574
68
481
735
721
280
156
655
42
123
617
906
775
357
708
291
455
331
352
824
54
369
179
420
280
949
935
363
219
582
795
30
459
989
146
680
632
794
218
911
538
730
352
335
384
935
33
788
677
497
52
894
500
76
655
690
662
434
447
775
394
74
700
973
484
473
244
573
488
384
318
653
633
157
722
267
173
431
759
844
243
21
125
269
849
470
893
290
279
918
918
589
535
991
969
529
561
902
206
311
114
232
632
81
989
517
887
645
358
12
501
501
690
327
188
133
434
736
909
828
194
403
75
190
293
886
978
297
779
279
298
366
126
685
553
747
841
465
72
223
482
774
91
453
122
687
383
941
618
912
936
799
344
432
944
626
570
702
15
532
98
145
311
178
163
780
383
322
595
434
99
183
345
45
113
517
121
150
223
118
318
736
652
821
376
862
380
752
294
311
888
843
885
590
709
387
889
719
179
600
836
934
625
518
773
546
528
325
842
611
53
824
945
408
258
860
507
860
839
162
186
49
549
190
149
245
716
208
994
165
982
259
251
559
907
652
76
924
582
933
147
206
279
491
697
286
563
773
432
370
609
646
222
413
471
421
73
55
924
522
651
174
974
564
704
141
32
281
662
524
436
981
773
688
679
751
30
892
429
768
184
952
578
37
401
826
572
503
178
42
293
249
599
267
861
898
701
358
919
68
660
848
235
996
327
584
92
43
193
210
634
404
739
407
699
367
516
640
685
989
232
241
312
509
363
355
26
535
152
204
554
719
453
98
337
92
130
198
190
473
690
614
937
899
176
614
522
708
78
136
931
856
34
529
835
230
194
46
68
865
841
214
288
136
522
170
551
803
605
219
12
183
584
946
9
819
752
766
664
564
696
289
572
126
632
332
551
4
666
412
805
97
729
701
537
728
299
582
902
713
817
805
896
822
892
973
44
317
362
597
110
246
465
235
394
15
411
849
749
462
307
150
268
631
416
592
84
407
543
856
629
832
5
967
545
469
493
856
681
201
311
389
674
267
506
807
323
789
931
360
243
973
510
419
937
683
141
287
779
52
735
368
651
519
50
254
727
14
452
218
8
631
542
270
238
643
195
764
577
366
159
226
754
641
619
540
508
589
552
338
533
49
914
492
410
717
472
532
42
543
696
611
561
654
176
374
512
126
467
258
747
788
168
46
67
74
537
528
125
340
707
2
627
516
145
230
489
27
966
976
458
417
339
515
860
672
901
919
578
204
746
442
713
677
206
36
797
847
657
327
684
745
763
686
403
846
747
813
992
401
565
770
239
196
586
571
641
667
420
897
346
636
786
91
267
81
696
421
391
810
698
809
993
268
363
271
574
399
833
98
935
679
780
715
786
480
367
114
320
48
469
146
258
151
520
677
184
98
934
271
131
777
869
7
844
957
945
484
916
270
771
404
85
516
460
386
257
837
170
177
66
806
266
52
193
981
751
600
459
247
89
669
128
301
634
416
14
516
429
597
38
293
952
747
893
762
628
136
485
570
738
182
957
55
896
6
255
326
765
189
993
631
273
540
630
974
16
925
189
232
840
962
378
338
793
999
788
543
949
699
831
256
840
252
594
793
90
249
220
658
338
235
979
475
701
590
645
819
63
652
42
515
610
940
745
710
269
801
651
948
262
517
21
671
35
200
722
606
982
332
392
416
575
387
753
659
302
602
85
134
313
343
462
427
346
738
244
985
77
184
810
345
744
182
81
863
372
4
603
964
116
351
211
546
836
59
403
111
339
137
390
717
91
206
551
849
993
572
578
243
704
341
345
525
515
756
169
616
459
335
951
459
141
178
413
262
736
757
697
182
253
834
368
105
520
839
863
